1650655767.690722
1650655771.577663
1650655771.6918201
1650655771.7076852
1650655771.783558
1650655774.0260348
1650655777.679698
1650655777.700494
1650655777.801641
1650655778.00279
1650655780.785803
1650655785.6054919
1650655785.7868001
1650655785.8923771
1650655785.985634
1650655785.9861472
1650655789.641956
1650655789.7282948
1650655789.735262
1650655789.881322
1650655792.327127
1650655796.308838
1650655796.3481228
1650655796.488954
1650655796.6386602
1650655799.8873081
1650655803.8253179
1650655803.979219
1650655803.985569
1650655804.170885
1650655805.224695
1650655808.98784
1650655809.027624
1650655809.0849018
1650655809.1150641
1650655810.8311198
1650655814.594497
1650655814.665282
1650655814.668938
1650655814.8798132
1650655814.894635
1650655819.928726
1650655819.951661
1650655820.1741009
1650655820.290661
1650655821.222917
1650655826.269991
1650655826.422555
1650655826.570048
1650655826.763801
1650655839.27379
1650655845.738498
1650655845.756788
1650655845.818594
1650655845.828695
1650655850.781448
1650655857.293958
1650655857.2986171
1650655857.546207
1650655857.6031091
1650655861.964891
1650655868.6488562
1650655868.709543
1650655868.72474
1650655868.7864552
1650655870.734644
1650655877.096926
1650655877.116738
1650655877.126723
1650655877.309546
1650655887.8169851
1650655895.169264
1650655895.2037098
1650655895.365543
1650655895.4052181
1650655903.004261
1650655909.67704
1650655909.773428
1650655909.996634
1650655910.009223
1650655914.559552
1650655921.632823
1650655921.7199209
1650655921.7244842
1650655921.813587
1650655924.8078961
1650655930.763927
1650655930.807762
1650655930.808931
1650655930.926752
1650655935.015768
1650655941.2607172
1650655941.266886
1650655941.5588212
1650655941.707508
1650655944.9956741
1650655951.12884
1650655951.209811
1650655951.240505
1650655951.279779
1650655976.119448
1650655978.7415302
1650655978.7430458
1650655978.768778
1650655978.828994
1650655981.948283
1650655984.747468
1650655984.80965
1650655984.849775
1650655984.8711371
1650655986.290903
1650655989.006739
1650655989.0374
1650655989.208799
1650655989.251895
1650655990.028529
1650655992.8869781
1650655993.038205
1650655993.0411232
1650655993.045695
1650655994.168107
1650655996.6307478
1650655996.808927
1650655997.022194
1650655997.0547562
1650656004.5825658
1650656007.325032
1650656007.3423092
1650656007.348171
1650656007.3660958
1650656008.729229
1650656011.710845
1650656011.723658
1650656011.8039382
1650656011.845495
1650656016.55266
1650656019.0246148
1650656019.471373
1650656019.481157
1650656019.4823658
1650656020.108122
1650656023.014973
1650656023.043246
1650656023.075635
1650656023.1664588
1650656024.52757
1650656027.409246
1650656027.4479659
1650656027.559935
1650656027.599377
